0.708817
-0.347846
0.133537
0.606461
0.669661
0.490374
0.227809
-0.378536
0.771912
1.06589
-0.403104
-0.08427
-0.13762
0.0277825
0.410417
0.0485012
-0.351444
0.996582
0.117055
0.0525415
0.312682
0.242633
0.523115
-0.104597
-0.059563
0.221162
-0.20156
0.140956
0.143468
0.212254
-0.126426
0.854413
0.188955
0.0333848
0.319788
0.353526
-0.349414
-0.0373351
0.364626
0.458261
-0.0523923
0.40417
-0.00299893
-0.179334
0.0327771
0.940417
-0.328265
0.237584
0.582105
0.0482803
0.241543
0.191495
0.0258058
0.27755
-0.393548
0.291638
0.533931
-0.131389
0.472215
-0.0283675
-0.184566
0.082107
-0.0934127
0.0289093
-0.0574461
-0.11395
0.393262
0.271345
0.221547
0.0104343
0.413085
0.31839
0.342494
-0.23053
0.157295
0.205192
-0.17194
0.0980366
-0.151371
-0.143843
-0.307295
0.845016
-0.39812
0.124157
-0.216962
0.289321
0.64077
-0.00191462
-0.209621
0.68162
0.262936
0.160231
-0.243225
0.453725
0.604782
0.173814
0.188523
0.285737
0.236875
-0.0682836
-0.319563
0.107829
-0.308421
0.0417096
0.125886
0.231776
0.406168
-0.115709
0.0442329
0.37508
0.206425
0.0102191
-0.188615
0.421281
0.0739264
-0.78398
-0.136496
0.292939
-0.396266
-0.171094
-0.0130405
-0.381143
0.453472
-0.480164
-0.439501
0.257421
-0.154657
0.282289
0.145148
-0.0703466
0.303312
-0.34758
-0.0844351
0.18036
-0.578933
0.122456
0.0338094
0.0984514
-0.0185402
-0.375647
-0.241635
0.0214838
-0.0257297
-0.65763
-0.090608
0.00261455
0.342651
0.297862
-0.140151
0.318248
0.846682
0.0255837
-0.203524
0.476645
-0.382097
-0.258924
0.150957
0.0195737
-0.255329
-0.340363
-0.0501966
0.0226317
-0.120594
0.156691
0.354566
0.16477
0.400428
-0.18432
0.363244
0.559382
-0.508866
-0.376778
0.148469
-0.0930155
-0.615666
0.408754
-0.0746447
0.0802596
0.22181
0.340138
0.197481
-0.373662
-0.338064
0.472937
-0.180169
-0.237099
0.299011
-0.152326
0.0947952
-0.0980316
-0.494115
-0.33522
-0.0487751
0.0685233
-0.217711
0.0410287
-0.796668
0.457103
0.412976
0.645882
0.0576635
0.0937635
0.543687
0.0540443
-0.150511
0.214863
-0.127244
-0.19511
0.642101
-0.0836656
-0.0625648
0.516889
-0.319048
0.0756472
0.0507097
-0.1936
0.1468
0.319802
0.0488167
0.438928
-0.203567
0.281616
0.299836
0.0343524
0.277667
0.141789
-0.228468
0.0827017
0.267115
-0.551001
0.395353
0.0388326
0.296161
0.546992
-0.0677119
0.00185465
-0.246883
-0.0621113
0.550847
-0.0411601
0.399594
0.565655
-0.196485
0.0458923
0.0970825
-0.0568555
-0.271953
0.460918
-0.228313
-0.297559
-0.0785927
-0.0161785
0.366518
-0.215925
0.0887969
0.535396
-0.143004
0.692691
0.118443
0.146609
0.141852
0.17621
-0.256042
-0.0225416
0.146613
-0.210378
0.106727
0.0463793
-0.299397
-0.0124862
0.309074
0.0481572
0.359915
0.219498
-0.0605028
0.230046
0.155623
0.375118
0.0167433
-0.0596344
-0.357172
-0.0319245
-0.470954
0.743417
-0.150775
0.00651643
0.0912468
-0.295427
0.103638
-0.227351
0.15955
0.534755
-0.257379
0.102848
0.0058574
-0.267096
0.0893829
0.121483
-0.0250046
-0.0241788
0.517856
-0.274384
0.580183
0.454711
-0.0923924
0.471698
0.449472
-0.191461
0.406578
-0.362828
0.13098
-0.328151
0.0860291
-0.141021
0.27221
-0.156564
0.126855
0.161325
0.0751086
0.189039
0.0269219
0.141353
-0.190317
-0.250972
-0.33984
-0.0827509
-0.481532
0.249393
-0.274254
-0.175983
-0.553842
-0.222232
0.132904
0.567342
-0.354946
-0.109682
0.190223
-0.650461
0.0607809
-0.383613
-0.416684
0.430192
0.0555979
0.0659932
0.30137
0.345735
0.102865
-0.0506605
-0.0846583
0.358557
0.245793
-0.207385
0.141799
-0.355826
-0.2519
0.000439606
-0.726756
-0.361978
0.603202
0.0813255
-0.0468398
-0.0794461
0.234003
0.626913
0.256872
0.0429989
0.276135
-0.0185954
0.0254237
0.306179
-0.428468
0.117971
0.177632
-0.221894
0.218815
0.17107
-0.113053
0.299066
-0.163327
0.0658237
-0.0578598
-0.191751
0.714147
0.416692
0.389336
0.468098
0.222818
-0.441666
0.351953
0.157053
0.0705617
0.292436
0.101356
-0.044718
-0.0427919
-0.410684
-0.0387577
-0.00755517
0.212275
0.609599
-0.238079
-0.328963
0.129968
0.1608
-0.0955366
0.705677
-0.204678
-0.134308
0.224244
-0.191398
0.432264
0.042638
-0.266302
0.750085
-0.0703282
0.153156
-0.0351352
-0.0399142
0.437516
-0.0393791
-0.161929
0.00887485
-0.0482682
0.150907
-0.547119
-0.0852375
0.078928
0.788358
0.119267
-0.214207
-0.19429
-0.446758
0.0629926
-0.0367348
0.0857419
0.548483
-0.158067
0.486514
-0.0847582
-0.319173
0.251786
-0.0144655
-0.55026
-0.0840556
0.634952
-0.186666
-0.428673
0.125602
-0.32371
0.686689
0.410297
0.457279
0.253374
-0.409268
0.624441
0.234897
0.494698
0.736176
-0.186811
0.249665
0.1425
-0.0371052
0.0874086
0.686633
0.0538637
0.596674
0.0916526
-0.408122
0.502828
-0.557856
-0.200592
0.1454
-0.30104
-0.261855
0.0718559
0.100265
0.114551
0.788604
-0.00777854
0.236845
0.0200073
0.14422
0.218133
-0.170917
-0.669382
0.645629
-0.0696663
0.584356
0.430742
0.0183286
0.613671
0.0144038
0.148252
0.120065
-0.242907
-0.453029
0.401562
0.17874
-0.342728
0.257485
0.205951
0.169449
0.614896
-0.510809
0.70196
0.0365659
-0.238562
0.491598
-0.17616
0.301736
-0.0829473
-0.756411
1.06164
1.14031
-0.131608
0.481714
0.524415
-0.185393
0.751113
0.00566292
-0.561656
1.56019
-0.774978
-0.0389213
-0.0909567
-0.0782914
-0.0871796
0.590435
0.215895
0.17184
-0.652396
-0.707798
0.406531
-0.110019
-0.00315958
0.0736871
-0.0876596
0.346137
0.238371
-1.2568
0.405784
-0.222817
-0.38021
0.264067
0.194621
-0.0338672
0.0315056
0.0667127
-0.0923024
0.441472
0.21827
0.28435
0.187477
-0.241788
0.25394
0.213925
-0.501823
-0.130028
0.00208835
-0.444816
-0.299409
0.0816173
-0.392269
0.350924
0.144998
-0.189038
-0.169586
0.228682
0.156405
-0.16929
-0.548817
0.184418
0.180638
-0.11931
-0.110048
-0.0794443
-0.279283
-0.318783
-0.0242671
-0.227391
-0.246157
-0.279924
-0.220604
-0.521604
0.349813
0.00885024
-0.51953
-0.544692
-0.511996
0.194061
-0.149361
-0.0977691
-0.236683
0.49851
-0.0808392
-0.163942
0.515547
-0.165856
0.0911287
0.0377145
-0.00113105
-0.114315
-0.207757
0.403459
-0.321239
0.1161
-0.293412
-0.414757
-0.196718
-0.298738
-0.56861
-0.149548
0.0318643
-0.00419889
-0.00767219
0.0630182
0.120084
-0.0632102
0.434102
-0.553665
-0.277518
-0.0554321
-0.130222
0.192348
0.0114935
-0.273589
-0.059012
0.130635
0.159113
0.188545
-0.0740064
-0.121665
-0.0827836
-0.0212954
-0.188321
0.281437
-0.211805
-0.0121841
-0.458815
-0.262446
-0.0385063
-0.0579152
-0.158834
0.695822
-0.625261
0.495897
0.0889728
-0.409317
-0.1202
0.00288415
0.00692044
-0.252679
0.0570446
-0.269462
-0.505426
0.0621597
0.435269
-0.0548244
0.0145574
-0.511461
-0.532655
-0.365738
-0.188285
-0.275862
-0.491761
-0.156651
-0.278701
-0.297797
0.0131942
-0.139565
0.0342435
-0.422754
0.0759619
0.331395
-0.075754
-0.362575
0.584213
-0.145428
-0.173683
0.146368
0.427132
-0.0957692
-0.0255292
0.396897
0.468377
0.204134
0.14928
-0.0289455
-0.0343682
-0.632651
0.0296824
0.213072
0.0243458
-0.239099
0.0452836
-0.64645
-0.437933
0.259301
-0.265917
0.116862
0.156188
0.0500357
0.0647335
0.296039
-0.111784
-0.387689
0.563478
0.180027
0.0791786
-0.0891649
-0.191848
-0.121164
0.490286
-0.21998
0.233887
0.369462
-0.0497061
0.314315
0.0973249
-0.060674
0.170686
0.143395
-0.357867
-0.293812
0.367341
0.329417
-0.0497594
0.13426
0.0765144
0.149778
0.0186436
0.0542614
-0.555692
0.0589158
-0.23272
-0.388743
-0.239018
-0.00614251
0.023468
0.388327
-0.0848422
0.527147
-0.340666
0.455759
0.0366793
-0.0457734
-0.119655
-0.189008
0.0613307
-0.037236
0.0297194
-0.188053
-0.787007
-0.070514
0.136416
-0.218041
-0.195543
-0.401936
-0.135499
0.614672
-0.0586834
0.0484006
-0.0982897
0.151635
0.0739014
-0.130576
-0.380766
0.200646
-0.0671694
0.0898966
-0.0809631
0.0933202
0.217841
0.183334
-0.11096
0.562009
-0.0869657
0.262198
0.23504
0.571804
-0.159406
-0.293357
-0.0887679
-0.188837
-0.00652035
0.184147
-0.232247
-0.189914
0.118686
0.0101713
-0.0370636
0.280986
0.193876
-0.305309
0.123222
0.0074297
-0.717376
-0.0420309
-0.494176
0.0171649
0.148118
-0.0437696
0.310985
-0.446238
-0.049431
-0.227125
-0.133386
0.165765
0.122686
-0.0676197
0.262317
-0.0425638
-0.193349
0.2229
-0.539136
0.331172
-0.357293
-0.195182
-0.577105
-0.0724119
0.477144
-0.254947
0.30458
-0.205745
0.000685539
-0.168517
-0.0267309
0.149095
-0.0694544
0.0910149
-0.352242
-0.0308208
0.398982
-0.0257809
0.0129174
0.312308
0.199886
-0.0505941
-0.132437
-0.0536006
-0.107028
-0.0731803
0.105115
-0.0720246
-0.0522544
-0.0913651
-0.297246
0.15927
-0.231942
0.428742
0.635611
0.32281
0.175298
0.174202
-0.114417
0.450453
-0.431101
-0.0369422
0.601123
-0.00406594
0.216779
-0.0853311
-0.234007
-0.114707
-0.047449
-0.41817
-0.199048
-0.130971
-0.258326
-0.107823
-0.0462295
0.153754
-0.117785
-0.311172
0.15297
-0.232426
-0.310178
-0.416928
-0.195221
0.010695
-0.132142
-0.140706
-0.0477833
-0.0431601
-0.240451
-0.300557
0.249954
0.137215
-0.436823
-0.122377
-0.397197
0.0200929
-0.0772042
0.204923
-0.179415
0.0229074
-0.42545
-0.508137
0.0880709
0.381629
-0.0683457
0.369971
-0.112476
-0.583368
0.213902
0.349605
0.167809
-0.353898
-0.208255
-0.020532
-0.0982688
0.123186
-0.00672945
-0.355544
-0.154342
-0.00528746
0.124362
-0.00322628
-0.0144285
-0.307006
0.0389479
0.16439
0.577467
-0.140131
-0.0619772
-0.143687
-0.574179
-0.138928
0.470047
-0.230829
-0.0372966
0.557537
-0.389484
-0.0564316
-0.442539
0.120586
0.353781
-0.0735882
0.181117
-0.051412
-0.230967
-0.0648514
-0.0563646
0.327225
-0.0923226
0.0214107
0.0698866
0.262212
-0.139616
-0.456926
0.0113345
-0.0465502
-0.0573081
-0.355797
0.193311
0.174591
0.192344
-0.0556192
0.174464
0.513019
-0.0214644
-0.0361354
-0.104455
0.0260244
-0.159133
-0.134022
-0.400906
-0.144755
0.208679
0.142598
0.198423
0.0312438
-0.326242
0.28046
-0.0606323
-0.301234
-0.0668321
-0.121306
-0.0784486
0.412165
-0.243278
0.0557732
-0.739815
-0.30459
-0.201322
-0.226992
-0.602088
-0.289293
-0.0521246
-0.430229
-0.515366
0.21438
-0.0204715
0.151378
-0.0613168
0.19329
-0.115003
-0.155473
-0.293022
-0.084727
0.164906
-0.233597
0.0838735
0.380022
0.0719259
-0.298937
0.595061
-0.170497
0.283202
-0.403124
0.329665
-0.368372
-0.252995
-0.0550396
0.0871021
-0.246868
0.408189
0.158342
0.0961244
0.402218
-0.0133013
-0.208158
-0.215468
-0.0377095
-0.199894
0.460913
0.0407228
-0.415432
0.232132
-0.0357421
0.204589
0.00495766
-0.000380718
-0.0133493
0.00950174
-0.326946
-0.0502882
-0.0426654
-0.326218
0.0855221
-0.044716
-0.172885
-0.0577461
-0.520733
0.0558532
-0.575081
0.101767
-0.0121822
-0.53851
0.23675
-0.411909
0.184444
0.71402
-0.067847
-0.019727
-0.0804952
0.0111141
0.0135359
-0.226429
-0.140777
-0.234836
0.287306
0.322918
-0.0883517
-0.301178
-0.116744
-0.214438
0.0501491
-0.373634
0.121983
0.23056
-0.404717
-0.293755
-0.527908
0.0426924
-0.193855
-0.199646
-0.654447
-0.484592
-0.690716
-0.0432267
0.189364
0.0978485
0.0908776
-0.498445
-0.0118604
0.367488
-0.178556
-0.271229
0.12334
-0.0151729
0.0625363
0.218681
0.058925
-0.0387896
-0.17295
0.119465
0.416665
-0.170632
0.259392
0.325813
-0.178097
0.244504
-0.587472
0.235708
0.349154
0.463712
0.0451298
0.0118411
-0.18474
-0.131516
-0.160735
0.323732
-0.0714309
0.00453699
-0.0514087
0.10932
-0.189301
0.0541446
0.150845
0.290927
-0.481682
0.0671059
0.0859358
-0.350008
0.354701
0.626006
0.238792
0.134817
-0.304025
0.197718
-0.213551
0.3789
-0.14433
-0.317545
0.254301
0.446359
0.440915
0.222645
-0.103805
-0.0502194
-0.481359
-0.527863
0.0651459
0.324404
0.224795
0.623278
0.358014
0.0494886
-0.141812
-0.129122
0.138503
-0.108632
0.278198
-0.209824
-0.147257
-0.0423046
0.149717
-0.247096
0.468913
0.546649
-0.389518
-0.0630841
0.0830426
0.103037
0.033745
-0.236857
0.0384429
0.484989
0.150307
-0.0464525
0.261062
-0.152596
-0.160801
0.408318
0.0906283
0.104897
0.500323
0.566262
0.362382
-0.0564672
0.137816
0.27987
0.385167
-0.108794
0.468066
0.456007
0.50067
0.146882
0.491657
1.32754
0.546155
0.160562
-0.371451
-0.216249
0.0448101
-0.227846
0.567936
0.320821
0.175191
-0.382927
-0.00353196
-0.38981
-0.392979
-0.258231
-0.0629423
-0.525352
0.180466
0.735481
0.480329
-0.00519941
0.486572
0.480525
-0.0418393
0.186742
-0.872413
0.103864
0.355206
-0.0665477
0.0197921
0.0396532
0.113444
-0.774947
-0.427108
0.240361
0.41213
0.266148
-0.00538036
0.792915
-0.0652044
0.118395
0.271574
0.0557356
-0.0886242
0.162568
-0.634795
0.0630947
-0.31016
-0.0300727
0.141037
-0.270281
0.00887432
0.237865
0.144792
-0.127627
-0.41969
-0.171391
0.237403
0.222101
0.518268
-0.190294
0.102688
0.65144
0.0496643
-0.0267783
-0.289105
-0.355606
-0.191121
-0.0498552
0.0309659
-0.211228
0.372948
-0.12361
-0.0620574
-0.43314
0.415114
0.156407
0.210369
0.123746
0.491327
0.604257
0.306509
0.304266
0.0314375
-0.342953
-0.0584972
0.800653
0.0525605
-0.160072
0.485321
-0.0968786
0.120657
-0.409881
-0.33752
-0.424866
0.242874
-0.305136
0.320621
-0.116023
-0.325266
-0.240565
-0.251337
-0.275454
0.00325099
0.199425
-0.0902131
0.0387511
0.448388
-0.486728
0.223803
-0.613447
0.190613
-0.178872
0.206487
0.00309677
0.24978
0.368016
-0.16163
-0.213862
0.0431526
-0.249496
0.174812
0.0595244
-0.270616
0.431641
-0.380851
0.021568
0.268681
-0.434399
0.33098
0.0251626
-0.250943
-0.259717
-0.276799
-0.171864
0.0336589
-0.169218
0.291848
-0.378091
-0.358218
0.0216533
0.391628
0.135991
-0.0094959
0.766908
0.0393103
0.166526
0.0944668
-0.221703
0.191208
0.196184
0.15792
-0.0701607
-0.150929
-0.312007
0.525068
0.0937156
-0.0919293
0.390475
0.609332
0.093691
0.288984
-0.195535
-0.154387
-0.112486
0.295568
-0.116506
-0.0789264
-0.357921
-0.14902
-0.0490763
-0.408987
-0.233736
0.32171
-0.0429707
-0.239902
-0.0499547
0.0750673
0.406175
0.710077
-0.359842
-0.0972619
-0.529397
0.508794
-0.144484
0.417092
0.337451
0.265518
0.0899755
0.098245
-0.073381
-0.217474
0.13386
0.150629
0.0859881
0.146165
-0.25403
0.350865
-0.190936
-0.29584
0.00168262
0.504965
-0.359768
-0.161551
0.110253
0.0605208
0.186275
-0.274555
-0.0626492
0.312681
-0.0427721
-0.661512
0.0751703
0.0688155
-0.224837
0.384499
-0.0311616
-0.170216
-0.0334735
-0.383505
0.0870666
0.154704
0.0119799
0.0425031
0.287762
-0.293135
-0.408532
-0.35613
-0.39853
-0.0515143
-0.193555
-0.00189986
0.127435
0.230789
-0.275951
0.201067
0.469896
-0.123919
0.106872
0.330406
-0.302051
0.712071
0.11157
-0.270688
-0.0501021
-0.16731
-0.111203
0.144544
0.0354119
-0.0520269
-0.371012
0.388617
-0.340451
-0.140519
0.043523
0.0157983
-0.0746923
0.0276174
-0.320335
0.370197
0.378509
0.087011
-0.141437
0.176898
-0.433058
0.335782
0.232599
0.275424
-0.450249
0.0740531
-0.0857733
-0.0440952
0.0813027
0.0240783
0.172066
-0.0999054
-0.467007
0.231619
0.118531
-0.398185
-0.00828752
0.221423
-0.371819
0.234598
-0.150758
0.303466
-0.475095
-0.332934
0.0580228
0.254775
-0.40227
-0.0402587
0.134344
0.120191
-0.239991
0.174993
-0.369891
0.105389
0.0122461
0.194092
-0.372988
-0.056558
-0.0619959
0.096928
-0.103602
0.00313624
-0.112747
-0.0377238
-0.0835029
0.0798506
-0.360302
0.0267008
0.069186
0.271016
0.403004
0.00651642
-0.189284
0.256279
-0.323066
-0.17976
-0.00419577
0.629001
0.00130977
0.766854
0.0575063
-0.410809
-0.211359
0.538923
0.0201493
0.0216304
-0.0207839
-0.311603
-0.0332831
0.111208
0.00333833
0.123894
-0.0247424
0.217829
0.209881
-0.543732
0.225694
0.235682
0.376336
0.252474
-0.482211
-0.358526
0.193814
0.283342
-0.169042
0.532301
-0.0634907
-0.0677345
-0.164846
-0.043844
-0.312569
-0.0478715
0.307774
-0.181193
0.220229
0.0527721
0.330874
0.385701
0.352261
0.298136
0.114707
0.089627
0.0388231
0.0428845
-0.253814
0.108689
0.194012
-0.165493
0.0830137
0.111622
-0.198251
-0.5117
0.349444
0.818022
-0.0892438
0.291631
0.480249
0.0680204
-0.0737521
0.407625
0.358758
-0.152902
0.207267
-0.0723664
-0.351849
0.176033
0.19109
-0.456684
-0.317601
-0.0717695
0.348823
-0.317236
-0.273913
0.522011
-0.0665564
0.0948825
-0.155012
0.445381
0.668843
-0.109246
0.0982377
0.270158
0.292696
0.141597
0.0783486
-0.0250975
0.238104
-0.0465288
-0.401534
-0.0712707
-0.852299
0.0719477
-0.289484
-0.0673975
-0.065726
0.226669
0.0936149
0.186178
0.184964
-0.0979167
0.133536
-0.211056
-0.389957
0.333204
0.152504
-0.294463
0.108764
-0.361434
-0.0303602
0.00169549
0.65076
-0.32455
-0.434664
-0.0125678
0.540086
0.266563
-0.585461
-0.268773
0.348865
0.0260321
-0.0537645
0.139359
-0.0291876
0.324303
0.404856
-0.155193
-0.791816
-0.05555
0.559834
0.140583
0.152739
-0.365834
-0.138521
0.842128
0.263244
0.227503
0.414102
0.191875
-0.336381
-0.39133
-0.417742
0.359326
-0.357754
-0.311377
0.352107
0.315002
0.000730594
-0.206642
0.27259
-0.19754
-0.0970478
-0.0696249
0.618601
0.265436
0.0847409
0.0768538
0.405892
0.622396
0.0901711
-0.00227658
0.164239
-0.145818
0.183915
-0.109584
0.13413
0.371766
0.190603
-0.240445
-0.270412
0.211977
0.00710548
0.187539
0.644357
0.106343
0.0896276
0.506431
0.347799
-0.152306
0.380468
0.2908
0.297322
0.00317056
-0.434137
0.112048
0.25954
0.147707
0.148418
0.185716
-0.0534233
0.529115
-0.1392
0.335004
0.272552
0.224939
0.459815
0.0237111
0.55656
-0.17369
0.336574
0.108948
-0.288613
0.120912
0.142612
0.40132
0.0944406
0.338929
0.4683
0.307105
-0.132587
0.259671
-0.352902
0.257551
-0.0358872
0.119777
-0.776708
0.560122
0.98638
0.398999
-0.30147
-0.047489
0.0989128
-0.316202
0.0323312
-0.582222
-0.405168
-0.373193
0.0812677
-0.320927
-0.490653
0.00956471
0.025296
0.106083
0.317537
-0.212058
-0.157185
-0.152075
0.000936218
0.372443
1.07055
0.685577
-0.387116
0.161253
-0.293018
0.0887326
-0.160593
0.037802
-0.0874264
-0.520419
-0.141854
-0.599916
-0.618576
0.16133
-0.685132
-0.0922429
-0.13975
0.290272
0.191789
0.377196
-0.174667
-0.178989
-0.0258184
-0.501883
0.118492
-0.0647033
-0.00274042
-0.0383674
-0.00375257
-0.0468597
-0.297269
0.309421
0.578975
0.156509
-0.0934576
0.0137628
-0.191088
0.0292917
-0.543954
0.00421843
0.101495
0.10072
-0.365453
-0.516885
0.0592662
-0.397695
-0.0525341
-0.0869104
0.0647959
-0.679542
-0.0549107
-0.0549801
-0.246755
-0.0928398
-0.2753
-0.0888658
0.509802
-0.0268817
-0.317677
-0.340128
-0.251479
-0.155812
0.385328
0.380131
-0.387251
-0.151289
0.222559
-0.359362
-0.272108
-0.0653265
0.00355373
0.0773816
-0.138243
-0.5697
-0.0806262
0.0294361
-0.277799
-0.169912
-0.102076
0.297184
-0.0155948
-0.319767
-0.319926
-0.298453
-0.449631
0.0806727
0.281257
-0.0316688
-0.157623
-0.169916
0.0582299
-0.220464
-0.0164751
-0.419264
-0.200443
0.197124
-0.390455
0.14187
-0.110795
0.459345
-0.0258641
-0.169668
-0.499067
0.00545819
0.139723
-0.149521
0.255767
-0.131485
-0.0824801
0.235051
-0.429375
-0.489809
-0.0100223
0.399967
-0.288053
0.405897
-0.0902013
-0.0852093
-0.219864
-0.0236925
-0.109098
0.355192
0.0577581
0.102094
-0.156638
0.520572
0.0824763
0.253838
-0.0382201
-0.192628
-0.161776
-0.190657
0.239568
0.180298
-0.458333
0.099455
0.166903
-0.725357
-0.539239
0.0567372
-0.133124
0.0634713
0.146107
0.11546
0.12511
-0.177125
-0.599728
-0.39468
-0.284851
-0.0577145
-0.426993
0.0724074
-0.150173
-0.368563
-0.647693
0.23142
-0.417974
0.134464
0.350165
-0.197441
-0.201595
0.00853636
-0.120797
-0.311441
0.231554
-0.0926044
0.135737
0.150711
0.0161038
-0.109558
-0.536236
0.102374
0.0703429
0.0894403
0.511602
-0.173507
-0.356045
0.136915
0.00459629
-0.117802
0.55046
-0.051362
0.0212018
-0.0928865
-0.207413
-0.12126
0.104361
0.194701
0.26008
0.168845
0.250849
0.018439
-0.196647
0.573613
-0.0284742
0.185721
0.0777616
-0.562673
-0.531667
0.107686
-0.490176
0.014583
0.171094
0.0344119
-0.198417
-0.290862
0.0108419
-0.427921
0.446335
0.385819
-0.586638
0.12318
-0.528275
-0.0906815
-0.161751
-0.07892
-0.222005
0.162609
-0.408159
0.155552
0.181843
-0.394722
0.137631
-0.14526
-0.404506
0.199748
0.0554568
0.308101
0.250217
0.417816
-0.216354
0.0217428
-0.118127
0.302244
-0.606275
0.52097
0.495487
0.348652
0.458444
-0.140497
0.0874471
-0.0132537
0.000761183
-0.342386
0.0467352
-0.0769518
-0.150683
0.49077
-0.529884
0.0241868
0.142179
0.413347
-0.25863
0.582581
-0.134034
-0.0398615
0.328772
0.00919748
0.0386431
0.233609
0.168948
-0.358021
0.34583
0.468651
-0.56095
-0.0110648
0.159914
0.116042
-0.461847
0.47612
-0.534349
-0.210438
-0.289716
0.156045
-0.0319317
-0.268302
-0.269939
-0.197889
0.0309719
-0.282025
0.407684
0.237166
-0.0873199
-0.316987
-0.662551
0.278422
-0.280651
-0.0146102
-0.117096
-0.0677819
-0.295329
-0.187375
-0.0357608
-0.476881
0.140967
-0.256708
-0.059591
-0.485751
0.00697874
0.545272
-0.190373
-0.23617
0.0511222
0.291274
-0.304494
0.369335
0.0961301
-0.286169
-0.134861
-0.111676
-0.121723
-0.2615
0.262096
0.0602778
0.446842
0.114223
0.61016
0.0896085
0.253917
-0.0184467
-0.00107379
0.228066
-0.368296
0.529307
-0.114918
-0.188461
0.0405917
0.262519
0.531677
0.131075
0.130167
0.283692
0.296206
-0.254833
0.0670926
-0.543305
0.0775594
0.691255
0.0153947
-0.141561
0.886608
0.542704
-0.424109
-0.0548027
0.0739244
-0.617904
-0.197398
0.197572
-0.429584
0.0404645
0.171255
0.438732
-0.407299
-0.278802
0.15316
0.316098
-0.420162
0.328757
0.436553
0.120044
-0.206226
0.195937
0.251091
-0.234482
0.0149202
0.3063
0.289894
0.185485
-0.482264
0.116624
-0.280142
-0.764938
-0.118038
-0.448868
0.251857
0.195852
-0.127059
-0.0959383
0.268202
-0.0588675
0.285406
0.119921
-0.0762139
-0.0127345
0.362178
-0.392434
-0.088095
0.215099
-0.0488728
-0.0722835
0.0675279
-0.676721
0.0184611
0.367327
0.0243316
-0.108421
0.352708
-0.0135128
0.387776
-0.545861
0.147696
-0.15312
0.188371
-0.32043
0.0770686
-0.36372
-0.46022
-0.179093
0.0929343
0.141825
0.0596731
-0.182309
-0.00213184
0.249349
0.672621
-0.210208
0.0238193
0.124954
0.279431
-0.0546272
0.637855
0.0262524
-0.0560612
0.252744
-0.0446904
-0.1101
-0.150182
0.0969127
-0.0525398
0.295339
-0.500158
0.101433
-0.00582354
-0.110995
0.198026
0.370525
-0.00766556
-0.233242
0.282705
0.0753589
0.0333415
0.274986
-0.19028
0.616232
-0.264796
-0.271894
-0.0706404
-0.637293
0.0774799
0.410479
0.558927
0.3974
-0.250065
-0.0561301
-0.595402
-0.254976
-0.22847
0.0568225
0.245575
0.408764
0.580648
0.368273
-0.275319
-0.123248
-0.10735
0.0776683
0.191416
0.158784
0.124255
-0.17107
0.285793
-0.197781
-0.228622
-0.531911
-0.0186877
-0.193044
0.417064
0.100526
0.568417
0.0666062
0.461649
0.248926
0.465618
0.0438955
0.396226
-0.0117829
-0.476096
0.421543
0.44289
0.78656
0.919872
0.0595916
-0.0853104
-0.333572
0.225549
0.0602313
0.288963
-0.273506
0.292355
0.719394
0.029271
0.18966
0.215389
0.0575146
-0.00399001
0.0163407
-0.00346051
-0.112662
0.674524
-0.334675
-0.467663
0.201436
-0.0336945
0.011303
-0.200891
-0.169744
-0.0473823
0.307534
-0.165931
0.368591
-0.250685
0.0807149
0.874397
0.0503231
-0.604048
-0.248651
-0.30839
0.107632
0.0461806
-0.0195719
-0.43558
0.076049
0.380271
-0.564408
-0.420373
-0.127749
-0.482363
0.10455
-0.092302
0.627588
0.70206
0.626358
0.131862
0.244059
-0.275515
-0.291936
-0.0162282
-0.341289
-0.341974
0.105188
0.706969
0.159742
0.0652251
0.320467
-0.119895
-0.043975
-0.59551
-0.479006
0.0819588
0.375536
0.264186
-0.152745
0.264921
0.0498461
-0.107644
-0.266238
-0.000568651
-0.0182675
0.0855937
-0.420649
0.289058
0.197138
0.065354
-0.124808
0.439116
-0.0989046
0.110802
0.490041
0.147823
-0.332999
-0.0426859
0.118269
0.261253
0.204451
0.0108873
-0.44781
-0.236127
-0.040467
-0.247257
0.323495
-0.257769
-0.219218
-0.464007
0.0268595
-0.0424908
0.380366
0.103346
0.0996623
0.00215097
-0.160373
-0.318383
-0.183865
-0.393496
-0.220327
0.0757471
0.142357
0.198965
0.120249
0.014688
0.431739
0.124532
0.0113887
0.00899734
-0.0157323
0.0960721
-0.192633
0.224323
0.00672407
-0.155129
-0.232578
0.0256426
0.148745
0.350599
0.422937
-0.508867
-0.0192
0.0945211
0.433918
-0.243304
-0.019601
0.0317355
0.115605
-0.248631
0.289092
0.408917
-0.328039
-0.0359294
-0.40824
-0.247453
-0.148278
-0.0251743
0.196414
0.308331
0.0781545
-0.215909
0.321509
-0.368107
0.128646
-0.12868
0.551056
-0.0217489
-0.102037
-0.117469
0.0652322
0.15516
-0.258806
0.192522
-0.241129
0.368375
0.367505
-0.239551
0.250035
-0.0283492
0.283116
-0.426393
-0.0616831
-0.0239341
0.502794
-0.439491
-0.0780593
-0.197286
-0.00944574
0.0467975
-0.064718
-0.359159
-0.323183
0.0304014
-0.228419
0.148657
0.0527264
-0.287171
-0.117302
0.341314
-0.0341752
0.241557
0.0741193
0.0964077
0.48364
0.445056
-0.0674492
0.0655972
0.48405
-0.383657
-0.304273
-0.453231
0.529833
0.223006
-0.131857
-0.0191799
0.192721
-0.461175
-0.206703
0.120553
0.580719
-0.188332
0.215885
0.393783
-0.561094
-0.0937084
-0.0987627
0.170411
-0.507552
-0.24298
-0.504531
0.288766
0.163726
-0.138346
0.413386
0.00120114
0.0984682
-0.332353
0.397153
0.560331
-0.212798
-0.0353612
0.157966
0.0426722
0.0583595
-0.0739696
0.284444
0.0841146
0.637828
-0.0318858
0.56811
-0.0751254
-0.100421
0.0748624
0.111361
-0.544978
-0.0302377
0.0317747
-0.0404311
-0.123637
0.0364746
-0.155369
-0.201681
-0.346782
0.220232
0.573713
0.392518
-0.292922
0.185335
-0.0879967
-0.2515
0.139052
-0.181246
-0.224686
0.311509
-0.21684
-0.0421721
-0.14491
-0.0615015
-0.597597
0.0754932
-0.300146
-0.156934
-0.04249
0.0547619
-0.408928
0.28701
0.064548
0.00309784
-0.111279
-0.333014
0.178326
0.670702
-0.499324
0.128236
-0.0355194
0.0335477
0.0842015
-0.0160928
-0.0262562
-0.339967
-0.204915
0.199813
0.0492339
0.0552735
-0.221879
-0.156697
0.303212
-0.644725
0.043364
0.517269
-0.447645
0.621789
-0.352074
-0.496886
-0.0739658
-0.068477
-0.0751858
-0.280634
-0.0433664
-0.173369
-0.292371
0.783052
-0.407764
-0.0368454
-0.253852
0.41411
-0.0604673
-0.196189
0.0970782
0.288232
0.275982
-0.169028
-0.181718
-0.362497
-0.00790956
-0.150838
-0.165053
0.454389
0.0162352
-0.147799
-0.262103
-0.0205151
0.115215
0.288788
0.194898
-0.243341
-0.0656759
-0.257799
-0.187971
-0.0471296
-0.254806
0.360558
-0.11683
0.0131896
-0.357033
0.222862
0.0996762
0.12822
-0.105657
-0.353376
-0.0212319
0.645698
0.461165
0.502474
0.23705
-0.177889
0.12684
0.0855243
-0.0944942
0.150246
-0.174129
0.49984
0.0598355
0.128753
0.127912
0.0650811
0.0952633
0.558399
0.0205605
-0.446489
0.33684
0.341841
0.205949
-0.0547944
0.110527
0.136211
-0.195749
0.40438
-0.336861
-0.123599
-0.310269
-0.214768
0.355272
0.101466
0.316026
0.465862
0.326637
-0.0800312
0.333228
0.218078
0.305256
0.377625
-0.0403268
-0.0513606
0.217143
0.156088
-0.478542
0.117017
-0.124646
0.089166
0.22157
-0.265234
0.177881
0.215395
-0.145937
-0.0748206
-0.0169762
-0.0442054
0.156096
-0.390966
-0.211917
-0.128357
0.203597
0.013657
0.434137
0.143798
-0.268709
-0.0793336
0.367006
0.056835
-0.0931915
0.146697
-0.266636
-0.196098
-0.0362461
-0.17676
0.0945686
-0.294352
0.141176
0.365483
-0.0149589
-0.254386
0.214706
0.104179
0.0282953
0.065607
0.446313
0.485868
-0.449072
-0.0721062
0.200595
0.269342
-0.17684
-0.517435
0.448008
-0.262995
-0.0088457
-0.115459
0.120287
-0.210038
0.0415078
-0.150026
0.0228495
0.0481038
-0.141297
0.0918228
-0.136198
-0.101996
-0.0777889
0.0930384
-0.455128
-0.319052
0.127437
-0.299863
0.0539624
-0.1222
0.0221704
-0.0370463
-0.29516
-0.0670601
-0.00947391
0.315857
-0.0944757
0.410646
-0.0918243
0.387583
0.553349
0.379385
0.185428
0.0347838
0.431207
-0.0370447
0.177036
0.21551
0.13483
-0.122561
0.464616
0.317192
0.283496
0.356189
-0.235737
-0.302401
0.141942
0.657712
0.154056
-0.127379
0.27056
-0.242534
0.26438
0.173265
-0.614643
-0.297412
-0.770015
-0.740314
-0.370024
-0.1729
-0.1486
0.423077
-0.0658893
0.196885
0.00502026
-0.437242
-0.231053
-0.0380489
-0.0563688
-0.242787
-0.111877
0.0842326
-0.0687421
-0.0242214
-0.483919
0.234385
-0.357677
-0.644951
-0.203825
-0.268281
-0.314251
-0.131593
0.0605054
0.100539
0.0467224
-0.0824962
-0.084786
-0.508053
-0.0272976
-0.447477
0.278636
0.286599
-0.418902
0.668083
0.390793
0.322062
-0.0361545
0.0320524
-0.321723
-0.253574
0.557908
0.395961
0.115344
0.253511
-0.191964
0.137308
0.0677966
-0.143115
0.290951
0.224783
-0.175418
-0.0708622
-0.0647677
0.192067
-0.0484094
-0.124489
0.207591
0.222109
0.470215
0.0100656
0.55356
-0.00529019
0.0310084
-0.0441929
0.0217592
0.146398
-0.280052
0.319826
0.419236
-0.428689
0.0176177
-0.59612
0.180589
-0.212269
0.10991
0.213539
-0.27484
-0.620353
0.136458
-0.55137
-0.195083
0.0618389
-0.402492
0.136653
-0.241571
-0.0656686
0.0243516
-0.508976
-0.34158
-0.238455
-0.0141089
-0.301948
-0.0525072
0.0237762
0.087731
-0.059712
-0.0836743
-0.081994
-0.553424
0.426105
0.0790753
-0.36956
0.125122
0.302218
-0.466625
0.303882
0.387068
-0.711681
0.488068
0.640302
-0.366804
-0.0207025
-0.377731
-0.111063
-0.312676
0.0267169
0.629919
0.204308
0.400662
-0.253778
0.517536
0.138095
-0.103047
0.122436
-0.316472
0.0735284
-0.0316722
0.218515
-0.319407
0.372275
0.220445
0.197814
-0.176053
0.171744
-0.0297815
0.276603
-0.220256
-0.174015
-0.0192391
-0.017406
-0.45487
-0.17846
0.252638
-0.0238163
-0.0832279
-0.190008
0.0781832
0.195048
-0.289899
0.0427877
0.44942
-0.0339522
-0.00953307
0.165269
0.00760978
0.0170566
0.0392195
-0.569246
0.0920297
0.0370088
-0.255764
-0.143789
-0.00159303
0.361247
-0.427245
-0.176859
-0.0461951
0.208331
0.595513
0.378028
0.23354
0.421934
0.0285879
0.241716
-0.159629
0.188922
-0.319036
-0.390714
-0.0303131
-0.134385
0.19208
0.211265
-0.276108
0.205977
0.496941
-0.0254831
0.100733
0.0701794
-0.0939529
-0.57026
0.0109689
0.0626948
0.334471
0.286661
-0.269722
0.102498
-0.6818
-0.103617
-0.39135
-0.317816
-0.608266
0.0899765
-0.164994
0.0305242
-0.198925
0.172461
-0.184352
0.191707
0.145768
0.0434629
-0.0947307
-0.0750463
0.261043
-0.254446
-0.392027
0.188629
0.0979238
0.122219
0.481958
0.659095
-0.370988
-0.0460304
-0.245606
-0.0562372
0.149736
-0.300829
-0.0489686
0.0124653
0.43374
0.200808
-0.206688
-0.214031
-0.124192
0.0434535
0.120976
0.0893812
-0.151101
-0.407368
-0.476796
0.365519
0.601503
0.379801
-0.358384
0.421867
-0.5618
0.2143
-0.0243336
-0.185089
-0.188821
-0.0707536
0.372586
0.185135
-0.29849
0.189455
0.0853878
0.512463
-0.266208
0.0526947
-0.0479978
-0.0455376
0.0947691
-0.0173092
-0.63835
0.00825452
-0.122708
-0.0300215
-0.240288
0.0459822
-0.333559
-0.227287
0.217833
-0.135203
-0.227514
0.175893
0.044663
0.303655
0.0912676
0.0877261
-0.144499
0.122814
0.585177
0.0187915
-0.220033
-0.239625
-0.245223
-0.00406146
0.364073
0.160242
-0.245778
0.125418
-0.448802
0.0181759
0.508933
-0.100424
-0.103133
-0.101608
-0.01824
-0.611922
0.192245
-0.47981
-0.242515
0.0206037
-0.204409
0.140022
0.319626
-0.0195239
0.2497
-0.333681
0.035041
0.0535041
0.398407
0.169654
0.606933
0.126954
0.484465
-0.302612
-0.0101568
-0.0723224
-0.192887
0.0254887
0.296867
0.378023
-0.0696036
-0.0256762
0.331803
-0.22695
-0.187642
0.150296
0.150522
-0.048599
-0.117887
-0.478012
-0.304805
0.462384
-0.0124372
-0.286142
0.155964
-0.146229
-0.296662
-0.341347
-0.18096
0.032449
-0.399241
-0.241697
0.0848707
0.1814
-0.253505
0.612015
0.269168
-0.169954
0.110127
0.00617418
0.436236
-0.0637239
-0.0231018
0.22333
0.237746
0.248056
-0.44494
0.106542
0.185054
0.0590118
-0.0457289
0.377064
-0.24938
-0.00726042
-0.456945
-0.0103224
-0.0489613
-0.323773
0.317533
-0.0131963
-0.23068
-0.431927
-0.282113
-0.231699
-0.0149638
0.470978
0.328216
0.321282
-0.158759
-0.174388
-0.0257492
0.218733
0.304419
-0.147035
0.284586
0.232748
-0.0699425
-0.263708
0.305319
-0.275935
-0.304184
-0.12464
0.276071
0.61726
0.0358252
0.0728989
-0.097316
0.229442
0.0469359
-0.447585
-0.294261
-0.146036
-0.0427827
0.142625
-0.179481
-0.322228
0.100609
0.0585388
0.265823
-0.110778
-0.106159
-0.333717
-0.388488
-0.260436
-0.101679
-0.0635808
0.32595
0.212401
-0.269102
0.265966
0.691859
0.0735402
0.123428
-0.555832
0.039881
0.287161
0.326717
0.269957
0.124571
0.193363
0.229364
-0.210707
0.416839
-0.0428901
0.181181
0.202566
-0.265292
-0.494491
0.4676
-0.198015
-0.0752846
0.135312
-0.021454
-0.000138915
-0.593073
-0.0689168
0.0649384
-0.150733
0.143661
-0.0273918
0.275022
0.0128754
0.127951
0.0667507
-0.0792342
-0.525386
-0.0364197
-0.202168
0.459851
-0.224915
-0.53936
-0.0150888
0.156831
0.421785
0.183292
0.0230674
-0.196506
-0.168633
0.62448
0.139005
-0.254748
0.108881
-0.219556
0.176766
0.0680315
-0.126638
0.187968
-0.111858
-0.0856945
-0.215377
-0.129109
0.0400849
-0.0249007
-0.44507
0.0297014
-0.203168
-0.161937
0.113747
-0.314937
-0.328176
0.260945
-0.0145495
-0.0908991
-0.0239629
0.259176
0.0482924
-0.257131
-0.2385
0.120555
0.346962
0.239962
0.00171972
-0.16549
0.117941
0.476151
0.190961
-0.185789
0.1793
-0.0224939
0.582629
0.236411
-0.285199
-0.437343
0.537948
-0.209992
-0.356868
0.551532
-0.305868
-0.00684487
0.084308
-0.291589
0.690324
-0.263878
0.262024
0.270766
-0.0779502
0.391921
-0.417871
0.0563571
-0.149737
-0.0820707
0.255468
-0.307636
-0.203574
-0.141559
0.512897
0.00700243
-0.00493638
0.0257201
-0.299948
0.0347612
0.151747
0.0291485
0.297483
-0.445763
-0.234524
0.432669
-0.0854554
-0.332354
0.0784835
-0.0472689
-0.066967
0.130043
0.0775819
0.500308
0.459207
-0.342814
0.0543934
-0.0045895
-0.0533055
0.109726
0.00119691
0.170734
-0.0969079
0.0463322
0.526437
0.424133
-0.0622995
0.0120856
0.105891
-0.188328
0.276119
-0.295621
-0.200818
0.028518
0.0367902
-0.146864
0.228033
0.307656
0.504331
-0.255128
0.387368
0.11862
-0.199376
0.345438
0.625887
0.403405
-0.0241193
0.581113
-0.441781
-0.272986
0.27558
-0.297508
0.611019
-0.112382
-0.218962
-0.188828
-0.261524
0.836712
0.0636568
-0.182418
0.158287
-0.357066
-0.0811998
-0.100592
-0.0186004
-0.199994
0.157472
0.0406931
0.21948
-0.387864
0.302099
-0.246685
-0.760603
-0.170022
-0.0549313
-0.382905
-0.193451
-0.479698
0.231712
-0.283094
-0.407082
-0.0502747
0.112325
-0.124262
-0.427672
-0.493737
-0.217495
0.19917
0.0961877
-0.0831371
0.189268
-0.0954964
-0.0606206
0.795918
-0.0165256
0.365532
-0.134852
0.301245
-0.036892
0.151183
0.0261201
-0.153208
0.620387
-0.150294
0.239412
-0.0175841
0.0128226
-0.280042
0.418386
0.258285
0.410263
-0.503405
0.505693
0.388398
0.501703
0.0858592
4.82409e-05
-0.340878
-0.0734165
0.0460958
-0.055772
0.217676
-0.474702
-0.479541
0.103141
-0.131178
0.444043
-0.171349
0.0628441
0.180841
0.0586105
0.155688
0.21395
0.332782
0.0276232
0.263101
-0.137362
0.0499259
0.00975962
-0.0891044
-0.213333
0.427777
-0.0877643
0.0577802
0.326678
-0.133443
0.354591
-0.206905
0.344951
0.00368819
-0.298413
0.118141
0.131651
0.104479
-0.458535
0.212536
-0.292556
-0.0888226
-0.126266
-0.59266
-0.567545
-0.350313
0.221506
0.141094
-0.161795
0.408193
0.203017
-0.13541
0.0452307
0.1115
-0.209289
-0.17144
-0.458842
-0.365248
0.336018
-0.200684
-0.182931
0.0889833
0.18385
0.327763
0.0239531
-0.0142028
0.324692
-0.40728
0.550051
0.377638
0.46969
0.124662
-0.334345
-0.0603602
-0.324776
0.208936
-0.250373
0.425272
-0.171354
-0.239251
-0.346208
0.268478
0.231458
-0.180072
-0.0381646
0.289408
0.249162
0.0566407
0.0869624
0.358984
-0.328014
-0.0529865
-0.168358
-0.241379
0.560085
-0.438286
-0.151525
-0.116904
0.602858
0.130545
0.101655
-0.691011
0.135622
-0.353048
0.414125
-0.082283
-0.0209377
0.123765
-0.391192
0.0380848
0.201468
0.448985
-0.417306
-0.0996076
-0.0390303
-0.217876
0.229643
0.338436
0.11437
-0.0628323
-0.276557
-0.0477932
-0.290251
0.492396
-0.0470227
0.157303
-0.0439014
-0.318128
0.1436
-0.311404
0.408793
0.0527075
0.128963
-0.24811
-0.343407
-0.125869
0.37814
0.351612
-0.0571902
-0.00906944
0.61821
0.232966
0.138977
-0.413441
-0.188968
0.163958
-0.0798045
0.243449
-0.476771
0.172754
-0.531895
0.255005
-0.429838
0.251612
-0.208624
0.298914
-0.071185
-0.0621082
0.642551
0.34475
-0.629981
0.18356
0.334986
0.308305
-0.139117
0.0947514
0.317411
0.0790758
-0.373406
0.316338
-0.100274
-0.112741
-0.25963
-0.469781
-0.303043
-0.530728
0.0519536
-0.445259
0.0991475
-0.228652
0.0442665
0.114587
-0.257452
0.404051
-0.769832
0.114885
-0.557019
0.281201
0.355821
0.476428
0.400378
-0.0410779
0.0753871
0.0624863
-0.23477
-0.0618236
0.0929386
-0.231313
-0.225884
-0.0530468
-0.114537
-0.341596
0.472211
0.407685
0.416877
-0.0963822
-0.218032
-0.317216
0.193052
-0.0633273
0.246475
0.0797925
0.496706
-0.279045
0.376547
0.161961
-0.234724
0.198379
-0.060575
0.035394
-0.598537
-0.0016863
-0.138603
-0.734175
0.0742754
-0.0902545
-0.061379
-0.175805
0.062481
0.491969
0.4479
0.053307
0.371828
0.0401998
-0.0857002
-0.334483
-0.280824
-0.603019
0.617066
0.248841
-0.30479
-0.177797
-0.0965976
0.12448
0.0409136
0.159062
-0.034445
-1.01554
0.353959
0.0559584
-0.364689
-0.093529
0.0288722
0.343819
-0.0519918
0.168126
-0.541916
-0.520944
-0.365894
0.245385
-0.245053
-0.1738
0.428012
0.547141
0.443029
0.412806
0.243079
-0.0609393
0.0278048
0.204019
-0.134942
0.135395
0.284908
-0.101118
0.822227
0.157265
-0.0865061
-0.100711
0.154179
-0.228505
0.327898
-0.0678307
0.345062
-0.548963
0.58547
0.171614
0.0641269
-0.138307
-0.201706
0.127142
-0.310081
-0.363527
-0.0752127
0.458367
-0.16404
-0.424541
-0.390047
0.509215
-0.332643
-0.531311
-0.176013
0.140413
-0.365219
0.18847
0.293434
0.23915
-0.0861058
-0.275509
0.0147838
0.0766841
0.520711
-0.214732
0.167106
0.0717932
-0.223487
0.294575
0.399162
-0.158445
-0.033049
-0.316804
-0.172945
-0.151611
0.153097
0.221149
-0.386389
0.0059175
-0.00835738
0.0430691
0.0971027
-0.159979
0.398577
0.274319
-0.444568
-0.434043
-0.204788
-0.154536
0.247748
0.49669
-0.370605
-0.424156
-0.295429
-0.333349
-0.458055
0.339991
-0.125167
-0.0628497
0.120306
0.254436
-0.109296
-0.150623
-0.327579
0.566146
-0.0544499
-0.308967
0.0266825
-0.828609
0.467437
-0.0789177
0.186015
0.116211
0.0451426
0.198139
-0.27004
0.276605
-1.21132
0.634747
0.160804
-0.00646048
0.117077
-9.5043
